[2026-03-23 09:56:41] 4, 16, 19, 24, 36, 39
[2026-03-23 09:57:00] 3, 7, 11, 19, 23, 35
[2026-03-23 10:31:27] 14, 18, 26, 28, 31, 38
[2026-03-23 10:39:57] 5, 7, 10, 33, 41, 43
[2026-03-23 18:44:04] 4, 11, 21, 22, 33, 34
[2026-03-23 18:44:24] 19, 26, 34, 38, 39, 44
[2026-04-03 18:55:19] 1, 7, 12, 21, 24, 44
[2026-04-03 18:56:08] 7, 10, 15, 16, 33, 44
[2026-04-03 19:03:59] 8, 12, 16, 24, 25, 32
[2026-04-03 19:04:12] 3, 17, 34, 36, 42, 44
[2026-04-03 19:05:18] 1, 3, 7, 22, 29, 44
[2026-04-03 19:05:30] 1, 3, 10, 12, 32, 34
[2026-04-03 19:06:28] 4, 15, 17, 19, 25, 34
[2026-04-03 19:10:47] 15, 21, 25, 34, 41, 43
